24. 22,3092,73,60 [Contour Area: 4246.0]
121. 1228,2900,58,377 [Contour Area: 21432.0]
122. 849,2900,58,377 [Contour Area: 21432.0]
123. 469,2900,58,378 [Contour Area: 21489.0]
124. 90,2900,58,377 [Contour Area: 21432.0]
178. 1228,2840,58,377 [Contour Area: 21432.0]
179. 849,2840,58,377 [Contour Area: 21432.0]
180. 469,2840,58,378 [Contour Area: 21489.0]
181. 90,2840,58,377 [Contour Area: 21432.0]
231. 1228,2780,58,377 [Contour Area: 21432.0]
232. 849,2780,58,377 [Contour Area: 21432.0]
233. 469,2780,58,378 [Contour Area: 21489.0]
234. 90,2780,58,377 [Contour Area: 21432.0]
284. 1228,2720,58,377 [Contour Area: 21432.0]
285. 849,2720,58,377 [Contour Area: 21432.0]
286. 469,2720,58,378 [Contour Area: 21489.0]
287. 90,2720,58,377 [Contour Area: 21432.0]
329. 1228,2660,58,377 [Contour Area: 21432.0]
330. 849,2660,58,377 [Contour Area: 21432.0]
331. 469,2660,58,378 [Contour Area: 21489.0]
332. 90,2660,58,377 [Contour Area: 21432.0]
372. 1228,2600,58,377 [Contour Area: 21432.0]
373. 849,2600,58,377 [Contour Area: 21432.0]
374. 469,2600,58,378 [Contour Area: 21489.0]
375. 90,2600,58,377 [Contour Area: 21432.0]
424. 1228,2540,58,377 [Contour Area: 21432.0]
425. 849,2540,58,377 [Contour Area: 21432.0]
426. 469,2540,58,378 [Contour Area: 21489.0]
427. 90,2540,58,377 [Contour Area: 21432.0]
490. 1228,2480,58,377 [Contour Area: 21432.0]
491. 849,2480,58,377 [Contour Area: 21432.0]
492. 469,2480,58,378 [Contour Area: 21489.0]
493. 90,2480,58,377 [Contour Area: 21432.0]
547. 1228,2420,58,377 [Contour Area: 21432.0]
548. 849,2420,58,377 [Contour Area: 21432.0]
549. 469,2420,58,378 [Contour Area: 21489.0]
550. 90,2420,58,377 [Contour Area: 21432.0]
617. 1228,2360,58,377 [Contour Area: 21432.0]
618. 849,2360,58,377 [Contour Area: 21432.0]
619. 469,2360,58,378 [Contour Area: 21489.0]
620. 90,2360,58,377 [Contour Area: 21432.0]
660. 1228,2300,58,377 [Contour Area: 21432.0]
661. 849,2300,58,377 [Contour Area: 21432.0]
662. 469,2300,58,378 [Contour Area: 21489.0]
663. 90,2300,58,377 [Contour Area: 21432.0]
717. 1228,2240,58,377 [Contour Area: 21432.0]
718. 849,2240,58,377 [Contour Area: 21432.0]
719. 469,2240,58,378 [Contour Area: 21489.0]
720. 90,2240,58,377 [Contour Area: 21432.0]
764. 1228,2180,58,377 [Contour Area: 21432.0]
765. 849,2180,58,377 [Contour Area: 21432.0]
766. 469,2180,58,378 [Contour Area: 21489.0]
767. 90,2180,58,377 [Contour Area: 21432.0]
824. 1228,2120,58,377 [Contour Area: 21432.0]
825. 849,2120,58,377 [Contour Area: 21432.0]
826. 469,2120,58,378 [Contour Area: 21489.0]
827. 90,2120,58,377 [Contour Area: 21432.0]
878. 1228,2060,58,377 [Contour Area: 21432.0]
879. 849,2060,58,377 [Contour Area: 21432.0]
880. 469,2060,58,378 [Contour Area: 21489.0]
881. 90,2060,58,377 [Contour Area: 21432.0]
924. 1228,2000,58,377 [Contour Area: 21432.0]
925. 849,2000,58,377 [Contour Area: 21432.0]
926. 469,2000,58,378 [Contour Area: 21489.0]
927. 90,2000,58,377 [Contour Area: 21432.0]
998. 1228,1940,58,377 [Contour Area: 21432.0]
999. 849,1940,58,377 [Contour Area: 21432.0]
1000. 469,1940,58,378 [Contour Area: 21489.0]
1001. 90,1940,58,377 [Contour Area: 21432.0]
1058. 1228,1880,58,377 [Contour Area: 21432.0]
1059. 849,1880,58,377 [Contour Area: 21432.0]
1060. 469,1880,58,378 [Contour Area: 21489.0]
1061. 90,1880,58,377 [Contour Area: 21432.0]
1120. 1228,1820,58,377 [Contour Area: 21432.0]
1121. 849,1820,58,377 [Contour Area: 21432.0]
1122. 469,1820,58,378 [Contour Area: 21489.0]
1123. 90,1820,58,377 [Contour Area: 21432.0]
1165. 1228,1760,58,377 [Contour Area: 21432.0]
1166. 849,1760,58,377 [Contour Area: 21432.0]
1167. 469,1760,58,378 [Contour Area: 21489.0]
1168. 90,1760,58,377 [Contour Area: 21432.0]
1226. 1228,1700,58,377 [Contour Area: 21432.0]
1227. 849,1700,58,377 [Contour Area: 21432.0]
1228. 469,1700,58,378 [Contour Area: 21489.0]
1229. 90,1700,58,377 [Contour Area: 21432.0]
1289. 1228,1640,58,377 [Contour Area: 21432.0]
1290. 849,1640,58,377 [Contour Area: 21432.0]
1291. 469,1640,58,378 [Contour Area: 21489.0]
1292. 90,1640,58,377 [Contour Area: 21432.0]
1342. 1228,1580,58,377 [Contour Area: 21432.0]
1343. 849,1580,58,377 [Contour Area: 21432.0]
1344. 469,1580,58,378 [Contour Area: 21489.0]
1345. 90,1580,58,377 [Contour Area: 21432.0]
1380. 1228,1520,58,377 [Contour Area: 21432.0]
1381. 849,1520,58,377 [Contour Area: 21432.0]
1382. 469,1520,58,378 [Contour Area: 21489.0]
1383. 90,1520,58,377 [Contour Area: 21432.0]
1440. 1228,1460,58,377 [Contour Area: 21432.0]
1441. 849,1460,58,377 [Contour Area: 21432.0]
1442. 469,1460,58,378 [Contour Area: 21489.0]
1443. 90,1460,58,377 [Contour Area: 21432.0]
1484. 1228,1400,58,377 [Contour Area: 21432.0]
1485. 849,1400,58,377 [Contour Area: 21432.0]
1486. 469,1400,58,378 [Contour Area: 21489.0]
1487. 90,1400,58,377 [Contour Area: 21432.0]
1540. 1228,1340,58,377 [Contour Area: 21432.0]
1541. 849,1340,58,377 [Contour Area: 21432.0]
1542. 469,1340,58,378 [Contour Area: 21489.0]
1543. 90,1340,58,377 [Contour Area: 21432.0]
1601. 1228,1280,58,377 [Contour Area: 21432.0]
1602. 849,1280,58,377 [Contour Area: 21432.0]
1603. 469,1280,58,378 [Contour Area: 21489.0]
1604. 90,1280,58,377 [Contour Area: 21432.0]
1649. 1228,1220,58,377 [Contour Area: 21432.0]
1650. 849,1220,58,377 [Contour Area: 21432.0]
1651. 469,1220,58,378 [Contour Area: 21489.0]
1652. 90,1220,58,377 [Contour Area: 21432.0]
1761. 1228,1100,58,377 [Contour Area: 21432.0]
1762. 849,1100,58,377 [Contour Area: 21282.0]
1763. 469,1100,58,378 [Contour Area: 21339.0]
1764. 90,1100,58,377 [Contour Area: 21432.0]
1855. 1228,1040,58,377 [Contour Area: 21432.0]
1856. 849,1040,58,377 [Contour Area: 21277.0]
1857. 469,1040,58,378 [Contour Area: 21339.0]
1858. 90,1040,58,377 [Contour Area: 21276.0]
1978. 1228,920,58,377 [Contour Area: 21432.0]
1979. 849,920,58,377 [Contour Area: 21053.0]
1980. 469,920,58,378 [Contour Area: 21489.0]
1981. 90,920,58,377 [Contour Area: 21285.0]
2065. 1228,860,58,377 [Contour Area: 21432.0]
2066. 849,860,58,377 [Contour Area: 21277.0]
2067. 469,860,58,378 [Contour Area: 21337.5]
2068. 90,860,58,377 [Contour Area: 21432.0]
2095. 87,797,2164,1521 [Contour Area: 3287756.5]
2400. 1199,618,89,399 [Contour Area: 35024.0]
2401. 1195,614,97,407 [Contour Area: 38971.0]
2683. 1618,173,74,60 [Contour Area: 4305.0]
2684. 22,173,74,60 [Contour Area: 4305.0]
2685. 0,0,3362,1700 [Contour Area: 5710339.0]
